-6 -8 76.36 157.32
-2 -12 80.04 153.64
-6 -15 76.36 150.88
-5 -16 77.28 149.96
-5 -16 77.28 149.96
-2 -14 80.04 151.8
-7 -17 75.44 149.04
-8 -16 74.52 149.96
-6 -20 76.36 146.28
-6 -29 76.36 138.0
-5 -29 77.28 138.0
-2 -28 80.04 138.92
-4 -23 78.2 143.52
-3 -24 79.12 142.6
0 -24 81.88 142.6
0 -23 81.88 143.52
3 -23 84.64 143.52
7 -23 88.32 143.52
3 -21 84.64 145.36
2 -17 83.72 149.04
1 -16 82.8 149.96
1 -12 82.8 153.64
1 -11 82.8 154.56
0 -13 81.88 152.72
1 -18 82.8 148.12
-1 -11 80.96 154.56
1 -10 82.8 155.48
-1 -6 80.96 159.16
0 -12 81.88 153.64
-1 -10 80.96 155.48
-1 -11 80.96 154.56
0 -16 81.88 149.96
-1 -14 80.96 151.8
-2 -14 80.04 151.8
-2 -16 80.04 149.96
-2 -17 80.04 149.04
-2 -16 80.04 149.96
-1 -17 80.96 149.04
-2 -17 80.04 149.04
-1 -14 80.96 151.8
-2 -20 80.04 146.28
-2 -21 80.04 145.36
-1 -17 80.96 149.04
-3 -20 79.12 146.28
-1 -24 80.96 142.6
-2 -21 80.04 145.36
-4 -19 78.2 147.2
-3 -19 79.12 147.2
-4 -16 78.2 149.96
-6 -17 76.36 149.04
-4 -15 78.2 150.88
-5 -16 77.28 149.96
-2 -15 80.04 150.88
-4 -11 78.2 154.56
-2 -16 80.04 149.96
-4 -12 78.2 153.64
-1 -14 80.96 151.8
-1 -16 80.96 149.96
-1 -17 80.96 149.04
0 -18 81.88 148.12
0 -19 81.88 147.2
-1 -18 80.96 148.12
-1 -17 80.96 149.04
-1 -22 80.96 144.44
-1 -16 80.96 149.96
-2 -19 80.04 147.2
-1 -19 80.96 147.2
-1 -17 80.96 149.04
-1 -18 80.96 148.12
0 -15 81.88 150.88
3 -15 84.64 150.88
0 -21 81.88 145.36
0 -16 81.88 149.96
-1 -19 80.96 147.2
1 -22 82.8 144.44
1 -22 82.8 144.44
-2 -22 80.04 144.44
-1 -26 80.96 140.76
-1 -24 80.96 142.6
-2 -23 80.04 143.52
-2 -21 80.04 145.36
-1 -27 80.96 139.84
-1 -29 80.96 138.0
1 -26 82.8 140.76
0 -26 81.88 140.76
-1 -24 80.96 142.6
0 -29 81.88 138.0
0 -28 81.88 138.92
-3 -23 79.12 143.52
-2 -26 80.04 140.76
-3 -28 79.12 138.92
-3 -29 79.12 138.0
-3 -26 79.12 140.76
-3 -24 79.12 142.6
-3 -27 79.12 139.84
-2 -28 80.04 138.92
-3 -23 79.12 143.52
-4 -21 78.2 145.36
-4 -24 78.2 142.6
-4 -25 78.2 141.68
-110 62 -121.44 167.44
-108 63 -119.6 168.36
-107 62 -118.68 167.44
-107 68 -118.68 172.96
-107 71 -118.68 175.72
-108 68 -119.6 172.96
-107 67 -118.68 172.04
-110 63 -121.44 168.36
-114 59 -125.12 164.68
-117 54 -127.88 160.08
-123 52 -133.4 158.24
-128 47 -138.0 153.64
-134 41 -143.52 148.12
-135 36 -144.44 143.52
-137 34 -146.28 141.68
-140 30 -149.04 138.0
-142 27 -150.88 135.24
-143 23 -151.8 131.56
-144 24 -152.72 132.48
-144 24 -152.72 132.48
-144 26 -152.72 134.32
-145 26 -153.64 134.32
-149 25 -157.32 133.4
-149 24 -157.32 132.48
-150 23 -158.24 131.56
-152 24 -160.08 132.48
-153 22 -161.0 130.64
-154 19 -161.92 127.88
-157 15 -164.68 124.2
-158 13 -165.6 122.36
-158 16 -165.6 125.12
-159 18 -166.52 126.96
-161 19 -168.36 127.88
-164 19 -171.12 127.88
-163 20 -170.2 128.8
-163 20 -170.2 128.8
-164 20 -171.12 128.8
-166 17 -172.96 126.04
-169 12 -175.72 121.44
-169 11 -175.72 120.52
-171 10 -177.56 119.6
-171 9 -177.56 118.68
-175 0 -181.24 110.4
-177 -5 -183.08 105.8
-176 -5 -182.16 105.8
-178 -4 -184.0 106.72
-180 -6 -185.84 104.88
-182 -8 -187.68 103.04
-181 -26 -186.76 86.48
-188 -27 -193.2 85.56
-185 -27 -190.44 85.56
-185 -46 -190.44 68.08
-189 -57 -194.12 57.96
-194 -60 -198.72 55.2
-194 -55 -198.72 59.8
-192 -46 -196.88 68.08
-189 -26 -194.12 86.48
-190 -16 -195.04 95.68
-183 3 -188.6 113.16
-185 -1 -190.44 109.48
-182 -4 -187.68 106.72
-177 -20 -183.08 92.0
-179 -22 -184.92 90.16
-178 -24 -184.0 88.32
-192 -44 -196.88 69.92
-195 -56 -199.64 58.88
-194 -74 -198.72 42.32
-194 -84 -198.72 33.12
-195 -105 -199.64 13.8
-196 -120 -200.56 0.0
-195 -131 -199.64 -10.12
-192 -144 -196.88 -22.08
-192 -151 -196.88 -28.52
-191 -154 -195.96 -31.28
-194 -153 -198.72 -30.36
-198 -149 -202.4 -26.68
-198 -150 -202.4 -27.6
-198 -149 -202.4 -26.68
-215 -164 -218.04 -40.48
-215 -163 -218.04 -39.56
-215 -164 -218.04 -40.48
-215 -164 -218.04 -40.48
-214 -165 -217.12 -41.4
-283 -156 -280.6 -33.12
-286 -150 -283.36 -27.6
-261 -144 -260.36 -22.08
-202 -136 -206.08 -14.72
-196 -136 -200.56 -14.72
-181 -143 -186.76 -21.16
-152 -180 -160.08 -55.2
-151 -191 -159.16 -65.32
-143 -225 -151.8 -96.6
-143 -239 -151.8 -109.48
-136 -227 -145.36 -98.44
-122 -187 -132.48 -61.64
-127 -188 -137.08 -62.56
-188 -183 -193.2 -57.96
-184 -200 -189.52 -73.6
-179 -219 -184.92 -91.08
-162 -227 -169.28 -98.44
-153 -270 -161.0 -138.0
-143 -279 -151.8 -146.28
-137 -284 -146.28 -150.88
-130 -289 -139.84 -155.48
-105 -314 -116.84 -178.48
-94 -319 -106.72 -183.08
-75 -329 -89.24 -192.28
-65 -334 -80.04 -196.88
-49 -339 -65.32 -201.48
-38 -342 -55.2 -204.24
-36 -342 -53.36 -204.24
-26 -345 -44.16 -207.0
-23 -345 -41.4 -207.0
-20 -345 -38.64 -207.0
9 -347 -11.96 -208.84
21 -346 -0.92 -207.92
42 -345 18.4 -207.0
50 -344 25.76 -206.08
61 -342 35.88 -204.24
87 -336 59.8 -198.72
100 -332 71.76 -195.04
130 -318 99.36 -182.16
144 -309 112.24 -173.88
158 -299 125.12 -164.68
179 -284 144.44 -150.88
194 -271 158.24 -138.92
215 -246 177.56 -115.92
224 -234 185.84 -104.88
233 -224 194.12 -95.68
252 -215 211.6 -87.4
252 -213 211.6 -85.56
250 -190 209.76 -64.4
249 -182 208.84 -57.04
251 -164 210.68 -40.48
255 -149 214.36 -26.68
255 -140 214.36 -18.4
256 -132 215.28 -11.04
257 -129 216.2 -8.28
256 -110 215.28 9.2
251 -76 210.68 40.48
248 -65 207.92 50.6
245 -46 205.16 68.08
242 -38 202.4 75.44
230 -14 191.36 97.52
224 -7 185.84 103.96
221 -2 183.08 108.56
215 2 177.56 112.24
209 5 172.04 115.0
196 21 160.08 129.72
182 33 147.2 140.76
178 43 143.52 149.96
170 58 136.16 163.76
170 59 136.16 164.68
170 60 136.16 165.6
173 54 138.92 160.08
172 62 138.0 167.44
145 73 113.16 177.56
138 83 106.72 186.76
135 77 103.96 181.24
129 69 98.44 173.88
129 66 98.44 171.12
134 71 103.04 175.72
131 73 100.28 177.56
128 81 97.52 184.92
130 96 99.36 198.72
136 88 104.88 191.36
139 79 107.64 183.08
140 76 108.56 180.32
134 95 103.04 197.8
120 85 90.16 188.6
118 89 88.32 192.28
121 85 91.08 188.6
119 85 89.24 188.6
121 96 91.08 198.72
152 99 119.6 201.48
181 106 146.28 207.92
180 108 145.36 209.76
170 114 136.16 215.28
140 132 108.56 231.84
119 146 89.24 244.72
83 119 56.12 219.88
83 112 56.12 213.44
84 111 57.04 212.52
81 107 54.28 208.84
79 108 52.44 209.76
56 110 31.28 211.6
30 114 7.36 215.28
24 117 1.84 218.04
21 118 -0.92 218.96
15 120 -6.44 220.8
7 119 -13.8 219.88
3 121 -17.48 221.72
-10 122 -29.44 222.64
-13 122 -32.2 222.64
-34 119 -51.52 219.88
-35 120 -52.44 220.8
-39 122 -56.12 222.64
-47 120 -63.48 220.8
-56 115 -71.76 216.2
-72 106 -86.48 207.92
-73 106 -87.4 207.92
-74 107 -88.32 208.84
-77 104 -91.08 206.08
-80 102 -93.84 204.24
-105 89 -116.84 192.28
-109 85 -120.52 188.6
-117 78 -127.88 182.16
-120 75 -130.64 179.4
-123 72 -133.4 176.64
-124 72 -134.32 176.64
-125 72 -135.24 176.64
-137 57 -146.28 162.84
-139 54 -148.12 160.08
-142 42 -150.88 149.04
-150 33 -158.24 140.76
-152 31 -160.08 138.92
-153 32 -161.0 139.84
-153 31 -161.0 138.92
-150 28 -158.24 136.16
-150 25 -158.24 133.4
-161 15 -168.36 124.2
-170 1 -176.64 111.32
-171 -3 -177.56 107.64
-172 -8 -178.48 103.04
-176 -16 -182.16 95.68
-176 -19 -182.16 92.92
-176 -17 -182.16 94.76
-177 -19 -183.08 92.92
-179 -26 -184.92 86.48
-180 -33 -185.84 80.04
-180 -32 -185.84 80.96
-179 -33 -184.92 80.04
-180 -33 -185.84 80.04
-179 -34 -184.92 79.12
-177 -36 -183.08 77.28
-175 -37 -181.24 76.36
-185 -47 -190.44 67.16
-187 -57 -192.28 57.96
-187 -62 -192.28 53.36
-188 -64 -193.2 51.52
-190 -66 -195.04 49.68
-191 -72 -195.96 44.16
-193 -78 -197.8 38.64
-192 -79 -196.88 37.72
-193 -81 -197.8 35.88
-195 -82 -199.64 34.96
-197 -99 -201.48 19.32
-196 -89 -200.56 28.52
-195 -91 -199.64 26.68
-191 -79 -195.96 37.72
-191 -71 -195.96 45.08
-188 -53 -193.2 61.64
-181 -42 -186.76 71.76
-180 -37 -185.84 76.36
-182 -30 -187.68 82.8
-181 -26 -186.76 86.48
-180 -20 -185.84 92.0
-177 -13 -183.08 98.44
-176 -13 -182.16 98.44
-172 -6 -178.48 104.88
-170 -2 -176.64 108.56
-166 11 -172.96 120.52
-166 21 -172.96 129.72
-162 23 -169.28 131.56
-165 29 -172.04 137.08
-162 33 -169.28 140.76
-154 37 -161.92 144.44
-156 43 -163.76 149.96
-157 43 -164.68 149.96
-157 54 -164.68 160.08
-157 61 -164.68 166.52
-159 68 -166.52 172.96
-159 75 -166.52 179.4
-156 81 -163.76 184.92
-157 79 -164.68 183.08
-154 82 -161.92 185.84
-161 76 -168.36 180.32
-151 85 -159.16 188.6
-157 81 -164.68 184.92
-155 84 -162.84 187.68
-149 85 -157.32 188.6
-150 85 -158.24 188.6
-156 83 -163.76 186.76
-152 85 -160.08 188.6
-147 93 -155.48 195.96
-139 96 -148.12 198.72
-135 97 -144.44 199.64
-134 102 -143.52 204.24
-127 102 -137.08 204.24
-108 107 -119.6 208.84
-104 113 -115.92 214.36
-103 114 -115.0 215.28
-90 120 -103.04 220.8
-82 121 -95.68 221.72
-66 125 -80.96 225.4
-63 125 -78.2 225.4
-62 126 -77.28 226.32
-64 125 -79.12 225.4
-62 125 -77.28 225.4
-15 135 -34.04 234.6
