-544 -266 -500.48 -244.72
-558 -228 -513.36 -209.76
-582 -135 -535.44 -124.2
-575 -7 -529.0 -6.44
-554 56 -509.68 51.52
-471 186 -433.32 171.12
-438 228 -402.96 209.76
-416 263 -382.72 241.96
-404 276 -371.68 253.92
-257 334 -236.44 307.28
-139 349 -127.88 321.08
4 319 3.68 293.48
63 298 57.96 274.16
177 229 162.84 210.68
243 143 223.56 131.56
274 99 252.08 91.08
312 28 287.04 25.76
325 -16 299.0 -14.72
342 -69 314.64 -63.48
334 -131 307.28 -120.52
314 -216 288.88 -198.72
303 -243 278.76 -223.56
300 -263 276.0 -241.96
297 -283 273.24 -260.36
294 -316 270.48 -290.72
300 -316 276.0 -290.72
300 -316 276.0 -290.72
257 -384 236.44 -353.28
219 -421 201.48 -387.32
176 -455 161.92 -418.6
136 -479 125.12 -440.68
51 -506 46.92 -465.52
-22 -539 -20.24 -495.88
-128 -539 -117.76 -495.88
-144 -535 -132.48 -492.2
-215 -508 -197.8 -467.36
-390 -422 -358.8 -388.24
-470 -375 -432.4 -345.0
-552 -255 -507.84 -234.6
-572 -160 -526.24 -147.2
-607 -150 -558.44 -138.0
-610 -105 -561.2 -96.6
-594 56 -546.48 51.52
-544 168 -500.48 154.56
-384 307 -353.28 282.44
-213 371 -195.96 341.32
60 319 55.2 293.48
168 237 154.56 218.04
239 154 219.88 141.68
327 -8 300.84 -7.36
331 -128 304.52 -117.76
312 -211 287.04 -194.12
302 -247 277.84 -227.24
243 -363 223.56 -333.96
222 -387 204.24 -356.04
214 -407 196.88 -374.44
207 -419 190.44 -385.48
160 -468 147.2 -430.56
58 -511 53.36 -470.12
-24 -532 -22.08 -489.44
-66 -529 -60.72 -486.68
-76 -526 -69.92 -483.92
-112 -535 -103.04 -492.2
-283 -491 -260.36 -451.72
-489 -337 -449.88 -310.04
-513 -302 -471.96 -277.84
-557 -196 -512.44 -180.32
-576 -121 -529.92 -111.32
-581 10 -534.52 9.2
-576 -93 -529.92 -85.56
-579 -52 -532.68 -47.84
-528 157 -485.76 144.44
-463 238 -425.96 218.96
-161 344 -148.12 316.48
-45 344 -41.4 316.48
137 264 126.04 242.88
212 199 195.04 183.08
312 75 287.04 69.0
324 40 298.08 36.8
338 -133 310.96 -122.36
314 -247 288.88 -227.24
310 -269 285.2 -247.48
284 -329 261.28 -302.68
232 -391 213.44 -359.72
167 -459 153.64 -422.28
138 -478 126.96 -439.76
46 -510 42.32 -469.2
40 -514 36.8 -472.88
-65 -527 -59.8 -484.84
-78 -533 -71.76 -490.36
-259 -509 -238.28 -468.28
-434 -395 -399.28 -363.4
-480 -348 -441.6 -320.16
-522 -269 -480.24 -247.48
-527 -253 -484.84 -232.76
-549 -203 -505.08 -186.76
-549 -204 -505.08 -187.68
-548 -205 -504.16 -188.6
-545 -121 -501.4 -111.32
-446 132 -410.32 121.44
-399 175 -367.08 161.0
-321 224 -295.32 206.08
-160 269 -147.2 247.48
-154 277 -141.68 254.84
-2 219 -1.84 201.48
87 174 80.04 160.08
216 50 198.72 46.0
259 -11 238.28 -10.12
265 -41 243.8 -37.72
265 -50 243.8 -46.0
269 -48 247.48 -44.16
264 -107 242.88 -98.44
223 -292 205.16 -268.64
152 -401 139.84 -368.92
118 -451 108.56 -414.92
70 -472 64.4 -434.24
62 -471 57.04 -433.32
-5 -488 -4.6 -448.96
-38 -491 -34.96 -451.72
-68 -505 -62.56 -464.6
-72 -511 -66.24 -470.12
-167 -509 -153.64 -468.28
-188 -506 -172.96 -465.52
-198 -501 -182.16 -460.92
-199 -501 -183.08 -460.92
-245 -488 -225.4 -448.96
-288 -473 -264.96 -435.16
-296 -473 -272.32 -435.16
-336 -453 -309.12 -416.76
-349 -442 -321.08 -406.64
-466 -343 -428.72 -315.56
-505 -282 -464.6 -259.44
-534 -161 -491.28 -148.12
-511 -43 -470.12 -39.56
-491 -7 -451.72 -6.44
-450 60 -414.0 55.2
-437 65 -402.04 59.8
-253 185 -232.76 170.2
-156 196 -143.52 180.32
31 119 28.52 109.48
73 85 67.16 78.2
108 21 99.36 19.32
116 1 106.72 0.92
150 -45 138.0 -41.4
155 -176 142.6 -161.92
157 -202 144.44 -185.84
163 -245 149.96 -225.4
164 -277 150.88 -254.84
166 -310 152.72 -285.2
156 -324 143.52 -298.08
91 -397 83.72 -365.24
50 -417 46.0 -383.64
-21 -443 -19.32 -407.56
-68 -443 -62.56 -407.56
-91 -429 -83.72 -394.68
-127 -474 -116.84 -436.08
-127 -474 -116.84 -436.08
-135 -462 -124.2 -425.04
-143 -438 -131.56 -402.96
-154 -449 -141.68 -413.08
-167 -447 -153.64 -411.24
-266 -418 -244.72 -384.56
-347 -397 -319.24 -365.24
-441 -377 -405.72 -346.84
-490 -331 -450.8 -304.52
-549 -219 -505.08 -201.48
-482 17 -443.44 15.64
-382 82 -351.44 75.44
-361 84 -332.12 77.28
-286 134 -263.12 123.28
-34 144 -31.28 132.48
60 92 55.2 84.64
145 26 133.4 23.92
161 14 148.12 12.88
139 -32 127.88 -29.44
144 -32 132.48 -29.44
156 -58 143.52 -53.36
164 -89 150.88 -81.88
167 -95 153.64 -87.4
192 -176 176.64 -161.92
211 -197 194.12 -181.24
225 -236 207.0 -217.12
246 -270 226.32 -248.4
221 -351 203.32 -322.92
200 -373 184.0 -343.16
52 -468 47.84 -430.56
-122 -508 -112.24 -467.36
-280 -474 -257.6 -436.08
-319 -466 -293.48 -428.72
-341 -455 -313.72 -418.6
-495 -304 -455.4 -279.68
-524 -270 -482.08 -248.4
-554 -128 -509.68 -117.76
-539 -57 -495.88 -52.44
-421 87 -387.32 80.04
-422 83 -388.24 76.36
-276 135 -253.92 124.2
-149 169 -137.08 155.48
69 104 63.48 95.68
128 60 117.76 55.2
152 25 139.84 23.0
201 -92 184.92 -84.64
194 -152 178.48 -139.84
203 -198 186.76 -182.16
206 -212 189.52 -195.04
182 -304 167.44 -279.68
174 -315 160.08 -289.8
164 -327 150.88 -300.84
146 -344 134.32 -316.48
138 -371 126.96 -341.32
142 -402 130.64 -369.84
90 -414 82.8 -380.88
36 -464 33.12 -426.88
18 -474 16.56 -436.08
-33 -495 -30.36 -455.4
-44 -493 -40.48 -453.56
-167 -487 -153.64 -448.04
-314 -435 -288.88 -400.2
-482 -235 -443.44 -216.2
-494 -156 -454.48 -143.52
-490 -64 -450.8 -58.88
-489 -151 -449.88 -138.92
-392 -388 -360.64 -356.96
-206 -469 -189.52 -431.48
-168 -467 -154.56 -429.64
-79 -447 -72.68 -411.24
-3 -409 -2.76 -376.28
130 -362 119.6 -333.04
124 -303 114.08 -278.76
117 -256 107.64 -235.52
138 -254 126.96 -233.68
195 -160 179.4 -147.2
171 -112 157.32 -103.04
158 -73 145.36 -67.16
137 -34 126.04 -31.28
78 21 71.76 19.32
-116 129 -106.72 118.68
-143 160 -131.56 147.2
-99 167 -91.08 153.64
-157 161 -144.44 148.12
-276 129 -253.92 118.68
-346 92 -318.32 84.64
-414 34 -380.88 31.28
-433 -239 -398.36 -219.88
-421 -265 -387.32 -243.8
-392 -340 -360.64 -312.8
-339 -421 -311.88 -387.32
-175 -478 -161.0 -439.76
-86 -379 -79.12 -348.68
-114 -399 -104.88 -367.08
-120 -388 -110.4 -356.96
-37 -391 -34.04 -359.72
-23 -370 -21.16 -340.4
-20 -364 -18.4 -334.88
36 -354 33.12 -325.68
89 -340 81.88 -312.8
143 -239 131.56 -219.88
154 -191 141.68 -175.72
142 -99 130.64 -91.08
115 -57 105.8 -52.44
72 98 66.24 90.16
3 158 2.76 145.36
-113 199 -103.96 183.08
-114 199 -104.88 183.08
-176 214 -161.92 196.88
-475 107 -437.0 98.44
-485 85 -446.2 78.2
-515 -24 -473.8 -22.08
-526 -89 -483.92 -81.88
-484 -276 -445.28 -253.92
-453 -352 -416.76 -323.84
-382 -417 -351.44 -383.64
-357 -433 -328.44 -398.36
-233 -485 -214.36 -446.2
-205 -488 -188.6 -448.96
-197 -478 -181.24 -439.76
-103 -475 -94.76 -437.0
-74 -469 -68.08 -431.48
-62 -466 -57.04 -428.72
-58 -460 -53.36 -423.2
-61 -459 -56.12 -422.28
-124 -445 -114.08 -409.4
-105 -435 -96.6 -400.2
-119 -443 -109.48 -407.56
-16 -457 -14.72 -420.44
47 -448 43.24 -412.16
97 -406 89.24 -373.52
196 -302 180.32 -277.84
232 -226 213.44 -207.92
242 -70 222.64 -64.4
215 -23 197.8 -21.16
175 -32 161.0 -29.44
167 -11 153.64 -10.12
30 133 27.6 122.36
-52 182 -47.84 167.44
-256 226 -235.52 207.92
-386 197 -355.12 181.24
-449 184 -413.08 169.28
-509 119 -468.28 109.48
-517 78 -475.64 71.76
-540 -220 -496.8 -202.4
-534 -254 -491.28 -233.68
-416 -389 -382.72 -357.88
-359 -434 -330.28 -399.28
-288 -452 -264.96 -415.84
-242 -464 -222.64 -426.88
-50 -394 -46.0 -362.48
28 -368 25.76 -338.56
28 -359 25.76 -330.28
100 -290 92.0 -266.8
158 -239 145.36 -219.88
208 -157 191.36 -144.44
219 -141 201.48 -129.72
219 -114 201.48 -104.88
223 -53 205.16 -48.76
203 -3 186.76 -2.76
203 -52 186.76 -47.84
148 69 136.16 63.48
-134 278 -123.28 255.76
-224 291 -206.08 267.72
-245 297 -225.4 273.24
-320 260 -294.4 239.2
-474 1 -436.08 0.92
-479 -70 -440.68 -64.4
-491 -103 -451.72 -94.76
-492 -140 -452.64 -128.8
-467 -249 -429.64 -229.08
-454 -326 -417.68 -299.92
-393 -419 -361.56 -385.48
-371 -428 -341.32 -393.76
-368 -433 -338.56 -398.36
-286 -440 -263.12 -404.8
-197 -430 -181.24 -395.6
-144 -412 -132.48 -379.04
-129 -389 -118.68 -357.88
-46 -363 -42.32 -333.96
-41 -361 -37.72 -332.12
-57 -342 -52.44 -314.64
-71 -321 -65.32 -295.32
-75 -318 -69.0 -292.56
-105 -277 -96.6 -254.84
-81 -295 -74.52 -271.4
-35 -298 -32.2 -274.16
22 -285 20.24 -262.2
114 -172 104.88 -158.24
144 -100 132.48 -92.0
64 185 58.88 170.2
60 184 55.2 169.28
-39 227 -35.88 208.84
-112 239 -103.04 219.88
-241 215 -221.72 197.8
-258 167 -237.36 153.64
-299 142 -275.08 130.64
-389 79 -357.88 72.68
-403 56 -370.76 51.52
-389 -9 -357.88 -8.28
-419 -158 -385.48 -145.36
-421 -343 -387.32 -315.56
-325 -456 -299.0 -419.52
-239 -478 -219.88 -439.76
-221 -479 -203.32 -440.68
-151 -472 -138.92 -434.24
-86 -463 -79.12 -425.96
-22 -443 -20.24 -407.56
4 -386 3.68 -355.12
5 -360 4.6 -331.2
48 -322 44.16 -296.24
58 -297 53.36 -273.24
96 -279 88.32 -256.68
96 -267 88.32 -245.64
121 -246 111.32 -226.32
161 -181 148.12 -166.52
200 -112 184.0 -103.04
198 -33 182.16 -30.36
239 35 219.88 32.2
114 45 104.88 41.4
59 89 54.28 81.88
-27 129 -24.84 118.68
-160 178 -147.2 163.76
-463 255 -425.96 234.6
-469 241 -431.48 221.72
-489 191 -449.88 175.72
-560 -7 -515.2 -6.44
-561 47 -516.12 43.24
-548 -101 -504.16 -92.92
-531 -221 -488.52 -203.32
-430 -402 -395.6 -369.84
-365 -449 -335.8 -413.08
-233 -499 -214.36 -459.08
-201 -500 -184.92 -460.0
-39 -461 -35.88 -424.12
-7 -433 -6.44 -398.36
68 -424 62.56 -390.08
194 -375 178.48 -345.0
240 -353 220.8 -324.76
265 -259 243.8 -238.28
240 -283 220.8 -260.36
246 -238 226.32 -218.96
267 -169 245.64 -155.48
350 -70 322.0 -64.4
384 -55 353.28 -50.6
354 30 325.68 27.6
319 82 293.48 75.44
74 253 68.08 232.76
19 216 17.48 198.72
26 218 23.92 200.56
130 79 119.6 72.68
144 75 132.48 69.0
56 136 51.52 125.12
-71 194 -65.32 178.48
-265 199 -243.8 183.08
-503 113 -462.76 103.96
-515 66 -473.8 60.72
-511 47 -470.12 43.24
-544 -170 -500.48 -156.4
-537 -283 -494.04 -260.36
-492 -369 -452.64 -339.48
-407 -424 -374.44 -390.08
-395 -430 -363.4 -395.6
-341 -473 -313.72 -435.16
-283 -493 -260.36 -453.56
-264 -497 -242.88 -457.24
-257 -496 -236.44 -456.32
-205 -517 -188.6 -475.64
-138 -522 -126.96 -480.24
-41 -531 -37.72 -488.52
-254 -524 -233.68 -482.08
20 -521 18.4 -479.32
28 -525 25.76 -483.0
39 -529 35.88 -486.68
59 -506 54.28 -465.52
103 -483 94.76 -444.36
176 -401 161.92 -368.92
215 -378 197.8 -347.76
249 -346 229.08 -318.32
270 -314 248.4 -288.88
432 -203 397.44 -186.76
414 -210 380.88 -193.2
384 -227 353.28 -208.84
313 -243 287.96 -223.56
285 -241 262.2 -221.72
364 -107 334.88 -98.44
266 -31 244.72 -28.52
131 109 120.52 100.28
100 132 92.0 121.44
28 174 25.76 160.08
29 175 26.68 161.0
9 245 8.28 225.4
8 244 7.36 224.48
13 240 11.96 220.8
-53 232 -48.76 213.44
-98 220 -90.16 202.4
-219 170 -201.48 156.4
-248 166 -228.16 152.72
-268 153 -246.56 140.76
-353 87 -324.76 80.04
-376 110 -345.92 101.2
-354 156 -325.68 143.52
-358 164 -329.36 150.88
-472 -15 -434.24 -13.8
-448 -158 -412.16 -145.36
-468 -376 -430.56 -345.92
-400 -432 -368.0 -397.44
-346 -461 -318.32 -424.12
-316 -473 -290.72 -435.16
-282 -489 -259.44 -449.88
-266 -495 -244.72 -455.4
-193 -518 -177.56 -476.56
-144 -520 -132.48 -478.4
-234 -504 -215.28 -463.68
-183 -511 -168.36 -470.12
-144 -524 -132.48 -482.08
-37 -512 -34.04 -471.04
-9 -517 -8.28 -475.64
-18 -509 -16.56 -468.28
-6 -511 -5.52 -470.12
16 -483 14.72 -444.36
48 -457 44.16 -420.44
95 -417 87.4 -383.64
98 -429 90.16 -394.68
22 -489 20.24 -449.88
-169 -512 -155.48 -471.04
-286 -477 -263.12 -438.84
-393 -425 -361.56 -391.0
-436 -370 -401.12 -340.4
-512 -213 -471.04 -195.96
-520 -191 -478.4 -175.72
-550 -29 -506.0 -26.68
-532 69 -489.44 63.48
-480 167 -441.6 153.64
-355 272 -326.6 250.24
-154 287 -141.68 264.04
-76 276 -69.92 253.92
10 240 9.2 220.8
177 35 162.84 32.2
179 5 164.68 4.6
183 -44 168.36 -40.48
175 -96 161.0 -88.32
217 -110 199.64 -101.2
266 -113 244.72 -103.96
